77600
147700
1032749
1281754
524300
1285829
685371
659675
678394
680610
1033879
562096
1278212
1218900
1233200
1238341
1282030
1275435
1280673
1279662
1282855
1282858
1289096
1287594
1287538
1283818
1284627
1285127
1287518
1289301
1288242
1288254
1288256
1288262
1288688
1288710
1288717
1288807
1288814
1288844
1288951
1289052
1288967
1289410
1289012
1289082
1289085
1289098
1289142
1289143
1289148
1289150
1289154
1289285
1289414
1289441
1289565
1289854
3042
44927
45272
282292
1011562
386967
1034876
547875
552825
565749
819536
825175
579949
970405
1064342
881508
1003246
825101
1138901
781331
893349
1119601
943014
943039
961664
1098904
1028558
1031813
1037908
1041059
1100761
1142558
1056787
1059555
1063712
1063837
1099818
1142560
1105559
1105562
1105008
1108689
1199644
1206944
1213012
1222501
1223950
1258101
1226161
1252601
1256254
1260017
1260018
1260024
1010591
1010251
887888
823430
1263951
1280106
540601
1289301
45123
45124
99040
918294
131480
134140
147121
808317
173598
208849
227430
273588
340613
341121
967554
344889
356767
357959
832794
871902
400486
789866
789869
1054485
417545
714107
837280
433452
679659
553864
914307
573012
522194
837166
820948
554191
757716
810437
658345
677102
685371
718484
1222501
705223
706790
706852
707845
714144
711762
712266
714346
714357
714408
715637
715667
715687
715688
719133
908334
720202
721525
722665
722978
724811
724928
724936
726058
759855
744324
775328
824269
908318
766382
824573
789410
918281
904399
824187
801103
914310
914311
805704
805728
815641
813689
815626
826777
817242
817248
817251
817378
817894
817897
817902
821824
825101
826321
826735
827770
843837
832881
833308
831406
831865
908310
875126
841785
970244
848850
875127
875128
918319
918326
854845
854846
918398
920773
867126
867114
867154
868625
868959
869275
869726
870774
870900
167302
873590
874590
876236
876237
877514
877515
886886
896398
917657
903853
903871
903887
903888
904005
908743
909531
911306
915189
917854
917859
917860
918029
918059
918060
918063
918646
919157
920823
920826
936721
936790
938941
947819
947808
954936
971228
970137
970139
971504
1287362
1012852
1021055
1045319
1045322
1045331
1045333
1053783
1053799
1053825
1056622
1056624
1107033
1145411
1119602
1140393
1213182
1143374
1213346
1155974
1201512
1202279
1202282
1202283
1202284
1203998
1223395
1211698
1226120
1226521
1229696
1258101
583727
540601
622826
1229713
1246439
1288688
1288256
1288262
1288814
1288710
1289012
1289082
1289085
1289096
1289098
1289142
1289143
1289148
1289150
1289154
1289301
1289441
1289285
1289294
1289410
1289414
1289565
1289854
67203
107603
120338
339303
974503
547875
653606
681603
801103
834436
915903
1210303
1144803
722268
2139
11684
228427
599265
573012
703673
1274004
653606
805704
1149732
971504
1033879
1032749
1098904
1197205
866350
727180
377624
388178
408876
409322
425505
450974
547047
524856
524865
558836
571922
604181
595542
681603
726096
970405
1197205
1203021
1213105
1236405
831406
232628
254035
229936
167302
166956
133118
112673
602756
653606
929258
1039560
1069124
1235850
1246116
1258006
1209997
1207455
1267607
73207
147700
166340
180522
263907
322142
322162
517407
559168
631707
674633
714107
724890
724908
760182
1148007
1149814
1273307
519381
1288807
720265
273588
404058
592969
739194
714408
720202
724908
726608
833308
881508
947808
1018825
1105008
1233879
1272608
1279408
1267709
156667
128541
1202612
584437
76461
127334
137223
548289
529870
181285
245739
249538
541670
291031
324336
356769
382242
417290
431855
602235
435077
541424
591438
458289
1288710
494448
531667
524300
533731
569091
575041
590334
712427
592518
558210
680610
789410
156667
128541
908310
914310
978635
1122379
562096
1220310
1264176
1275310
615035
1289410
1131965
700338
84161
84164
84347
85569
107603
108097
114245
114899
128394
589211
220677
584437
548289
322142
322162
541424
341186
353750
583008
689170
404058
404192
582259
425505
435155
441150
445554
492464
495246
541670
511398
533731
552741
569091
1223883
575041
764497
602235
558210
724811
631707
641090
1025564
711919
718961
771208
898515
650677
1026366
1231690
1145411
1098911
1275711
1202611
1175811
1242817
1255447
269637
1283926
1287611
65536
66575
67203
67754
70737
72014
72321
73207
77600
79316
85776
117735
161624
167722
170295
176137
179528
220691
534346
534349
257766
276536
337863
337867
339303
349348
1261422
474190
524576
517407
538448
546215
573012
601289
606279
610546
625618
626962
646132
659500
659675
663750
668731
668732
1227723
692823
712574
761576
782063
824273
844248
914412
1258101
1030645
1023924
1022308
1034844
1043756
1063712
1064236
1068549
1103961
1104197
1105092
1107534
1107764
1108953
1111551
1114275
1114885
1115274
1118490
1121421
1134631
1135015
1147698
1148007
1193635
1138901
1142534
1143337
1143396
1155974
1195096
1201512
1196090
1213105
1213090
1201276
1202612
1203998
1208457
1226465
1226521
1278212
1211559
1211698
1213012
1212138
1213182
1220310
1220776
1222487
1223332
1223395
1223587
1229696
1234539
1238473
1238860
1239747
1242685
1246598
1252601
1254016
1258543
1262849
1267607
1267709
1267720
1270870
1275133
1279183
1289873
1289012
1273565
808317
340613
541082
810437
421982
837280
1229713
607916
689043
795175
824269
824273
826321
813689
815626
815641
817242
817248
817251
817378
817894
817897
817902
834719
826777
834715
841785
844248
845280
1031813
1164353
1167329
72014
339303
556662
404192
474190
685394
877514
943014
1149814
1288814
1289414
1135015
534065
546215
641133
834715
712427
723031
723048
877515
898515
1149814
1174575
1282834
1282835
580535
1284793
44933
65536
66575
67203
67754
70737
72014
72321
73207
77600
79316
85776
117735
161624
167722
170295
176137
179528
224821
263907
272556
295160
311662
987316
607916
356771
356777
716429
635549
440559
613137
572628
578181
578159
589211
593146
590322
601183
1286199
672146
680610
678394
688286
689043
1289119
716052
726608
745875
757716
845280
1246116
834715
834719
948352
981186
1054346
1171584
539431
1116765
1119601
1119602
1134949
1144803
1241639
1276191
1218900
1221828
1226120
1273307
1244874
1254016
1257419
1259671
1265156
1266484
1266492
1266495
1272608
1271227
1271218
1271260
1275711
1275310
1201829
537879
1241662
1284739
1285360
1286456
1286793
1287047
1288089
1289917
1288717
977538
977543
600292
808317
1029074
690270
693817
814319
932773
986995
986997
981051
1242817
1260017
606347
630745
641421
1289917
128394
167302
133118
592518
386967
435155
229936
166956
254035
112673
908318
1069124
1099818
1271218
1260018
1283818
1287518
947819
1108689
1225769
1014362
723048
723031
711919
881508
834719
914412
893349
1003246
943014
943039
961664
1031813
1063712
1064236
1064342
1011562
1011586
1011751
1030645
1028558
1034876
1045319
1056787
1059555
1100761
1099818
1105559
1098904
1098911
1105562
1105008
1111529
1131965
1142558
1142560
1202611
1202612
1258006
1206944
1213012
1229638
1229640
1233200
1275750
1236405
1236655
1246599
1251773
1255447
1257419
1263951
1274004
1279408
1287611
549528
1289119
417290
435077
441150
517407
546215
606279
1227750
674633
724908
724890
1175811
1267720
1226120
72321
147121
224821
228427
341121
665721
826321
1121421
1203021
1226521
641421
167722
180522
590322
408876
409322
450974
571922
1045322
1054122
1261422
45123
137223
1227723
663750
692823
705223
45124
1069124
161624
821824
541424
1023924
1260024
1018825
868625
291031
1003926
875126
815626
869726
1267720
1223587
1267709
1283926
622826
44927
147121
228427
693817
712427
1034844
875127
1108953
1271227
583727
1284627
1285127
179528
232628
592969
875128
492464
572628
724928
805728
968228
971228
1221828
549528
1285829
716429
1018825
1023924
918029
1043756
1054122
1104197
1121421
1138901
1167329
1220310
1254016
1201829
801103
805704
805728
877514
227430
714107
877515
854845
868625
871902
868959
869726
875126
875128
876236
886886
896398
706852
875127
757716
789869
789866
658345
705223
706790
707845
714144
714346
711762
712266
714357
714408
715637
715667
715687
715688
719133
720202
720265
722665
722978
724811
726058
724928
724936
726096
831865
789410
821824
837166
903853
903871
903887
908310
908318
908743
909531
914310
915189
1045322
917657
917854
918029
918059
918646
936790
938941
947808
947819
1045319
1012852
970244
970137
970139
971228
971504
1021055
1045331
1045333
1053783
1053799
1054485
1118490
1140393
1147698
1148007
1142534
1143396
1202279
1202282
1202283
1202284
1201276
1195096
1196090
1208457
1210303
1212138
1213090
1213105
1213346
1222501
1223332
1226465
1234539
1238473
1238860
1239747
1242685
1246598
1252601
823430
1267607
1282030
1279183
120338
291031
590322
590334
533731
591438
592518
668731
723031
781331
1134631
909531
1045331
539431
606347
722268
540601
615035
549528
668732
1241662
580535
522194
519381
537879
622826
641421
583727
1223332
1229713
630745
1246439
44927
44933
45272
524576
641133
674633
719133
1045333
1262849
1275133
127334
590334
1107534
1142534
1175811
1197205
1203021
1282834
1283926
84161
84164
84347
85569
107603
108097
114245
114899
117735
558210
602235
679659
688286
826735
254035
981035
1193635
1231690
1275435
1282835
580535
615035
65536
276536
324336
458289
558836
724936
819536
834436
229936
876236
1064236
70737
176137
843837
584437
613137
715637
810437
970137
978137
1143337
269637
120338
127334
137223
531667
181285
249538
282292
440559
591438
700338
977538
1229638
1212138
1287538
2139
245739
1241639
711919
943039
970139
1234539
1266484
1266492
1266495
1246439
1284739
99040
134140
166340
232628
276536
1228898
1229640
1201829
815641
552741
575041
1238341
1241639
128541
938941
1286199
1271227
1271218
1271260
1285360
1272608
1276191
1273307
1275310
1275711
1284739
1286793
1286456
1287047
1288089
1289119
1289441
1289917
3042
322142
382242
595542
559168
626962
817242
1064342
781331
1288242
1289142
977543
689043
908743
963243
1242817
1289143
1258543
511398
1288844
714144
970244
1034844
1206944
114245
353750
854845
417545
580845
658345
707845
898515
911383
970405
1030645
1227750
630745
534346
495246
672146
556662
714346
918646
1003246
1213346
84347
547047
1239747
1255447
606347
1287047
2139
99040
844248
349348
494448
538448
1289148
723048
817248
927048
208849
534349
893349
635549
1134949
1032749
1068549
1262849
295160
353750
441150
663750
848850
1227750
866350
1275750
1235850
1289150
817251
981051
1011751
1111551
1288951
1010251
1263951
1270870
716052
706852
134140
147700
166340
180522
433452
1012852
948352
1289052
3042
1258006
635549
903853
1108953
1164353
1211559
1218900
1220776
1221828
1222487
1223883
1225769
1227723
1229638
1229640
1233200
1236405
1236655
1244874
1246599
1257419
1258543
1259671
1261422
1264176
1265156
1274004
1275133
1275750
1279408
1287611
67754
445554
917854
1171584
1256254
1281754
1288254
1289854
1289154
759855
431855
435155
1021055
1059555
1174575
1236655
1282855
1207455
272556
524856
166956
975256
1043756
1265156
1233879
1288256
1286456
759855
714357
917657
1208457
929258
404058
726058
965058
1028558
1142558
1282858
357959
440559
613137
578159
679659
760182
982559
868959
918059
1105559
1211559
1285360
295160
1142560
1134631
1068549
1103961
1107764
1135015
1271260
1193635
539431
1238860
76461
84161
718961
1100761
1103961
311662
322162
556662
607916
626962
711762
1014362
1011562
1105562
1279662
1241662
1287362
1288262
337863
341186
782063
989663
84164
492464
961664
1107764
720265
514265
524865
722665
1131965
831865
969765
1116765
1226465
1289565
1273565
257766
789866
712266
837166
681603
531667
337867
356767
386967
689170
715667
700338
739194
156667
1288967
131480
559168
722268
1260018
1260024
1260017
85569
592969
245739
249538
356769
789869
824269
1225769
529870
541670
1270870
689170
690270
827770
356771
685371
903871
1259671
45272
45123
45124
727180
824273
824573
112673
932773
1238473
1251773
1280673
349348
450974
538448
979774
601289
712574
761576
782063
1029074
1155974
1244874
66575
547875
572628
659675
795175
718961
745875
1114275
1174575
1273565
85776
408876
524576
761576
1220776
1034876
1201276
1264176
220677
356777
425505
435077
524856
524865
650677
826777
1019777
388178
558836
722978
817378
76461
631707
606279
621489
1033879
1122379
1202279
1246116
1233879
1235850
537879
1207455
1209997
131480
311662
837280
727180
845280
272556
356767
356769
356771
356777
578181
832881
672146
519381
541082
760182
1010591
1010251
887888
1202282
1213182
866350
823430
1289082
224821
263907
324336
431855
445554
494448
514265
529870
580845
911383
1053783
1223883
1202283
1279183
11684
595542
1107534
1143337
1111551
1114275
1116765
1134949
1144803
1171584
1202284
1266484
181285
257766
337863
337867
340613
341121
344889
357959
382242
433452
841785
1054485
1145411
1167329
1242685
1287362
1289085
1289285
886886
600292
932773
341186
388178
400486
1029074
688286
981186
1011586
269637
903887
665721
654188
677102
716429
715687
726608
745875
1056787
824187
1222487
1223587
1282834
1282835
1284793
273588
547047
668731
641133
654188
668732
692823
819536
715688
1288688
834436
1164353
887888
11684
344889
989663
458289
981035
981051
981186
548289
601289
621489
979774
963243
813689
915903
889494
915189
1019777
917494
927048
969765
968228
977538
977543
965058
974503
975256
978137
982559
986995
986997
987316
1014362
1003926
1011751
1108689
1288089
936790
417290
474190
495246
764497
578159
578181
589211
685394
690270
706790
724890
948352
1118490
1196090
1213090
1231690
220691
1276191
569091
1010591
282292
404192
600292
541082
1266492
417545
650677
1284793
1140393
1286793
128394
534346
534349
917494
832794
889494
678394
685394
739194
795175
817894
1119601
1119602
1256254
1287594
522194
170295
173598
220677
220691
552741
986995
1223395
1266495
44933
1195096
726096
1143396
562096
1229696
1289096
108097
764497
986997
817897
1104197
1209997
173598
208849
896398
511398
1147698
1203998
1211698
1228898
1246598
1289098
